Pinning Radius R0: 0.65
Pinning Strength U0: 1.0
Positions:
1.636364	1.636364
1.636364	4.909091
1.636364	8.181818
1.636364	11.454545
1.636364	14.727273
1.636364	18.000000
1.636364	21.272727
1.636364	24.545455
1.636364	27.818182
1.636364	31.090909
1.636364	34.363636
4.909091	1.636364
4.909091	4.909091
4.909091	8.181818
4.909091	11.454545
4.909091	14.727273
4.909091	18.000000
4.909091	21.272727
4.909091	24.545455
4.909091	27.818182
4.909091	31.090909
4.909091	34.363636
8.181818	1.636364
8.181818	4.909091
8.181818	8.181818
8.181818	11.454545
8.181818	14.727273
8.181818	18.000000
8.181818	21.272727
8.181818	24.545455
8.181818	27.818182
8.181818	31.090909
8.181818	34.363636
11.454545	1.636364
11.454545	4.909091
11.454545	8.181818
11.454545	11.454545
11.454545	14.727273
11.454545	18.000000
11.454545	21.272727
11.454545	24.545455
11.454545	27.818182
11.454545	31.090909
11.454545	34.363636
14.727273	1.636364
14.727273	4.909091
14.727273	8.181818
14.727273	11.454545
14.727273	14.727273
14.727273	18.000000
14.727273	21.272727
14.727273	24.545455
14.727273	27.818182
14.727273	31.090909
14.727273	34.363636
18.000000	1.636364
18.000000	4.909091
18.000000	8.181818
18.000000	11.454545
18.000000	14.727273
18.000000	18.000000
18.000000	21.272727
18.000000	24.545455
18.000000	27.818182
18.000000	31.090909
18.000000	34.363636
21.272727	1.636364
21.272727	4.909091
21.272727	8.181818
21.272727	11.454545
21.272727	14.727273
21.272727	18.000000
21.272727	21.272727
21.272727	24.545455
21.272727	27.818182
21.272727	31.090909
21.272727	34.363636
24.545455	1.636364
24.545455	4.909091
24.545455	8.181818
24.545455	11.454545
24.545455	14.727273
24.545455	18.000000
24.545455	21.272727
24.545455	24.545455
24.545455	27.818182
24.545455	31.090909
24.545455	34.363636
27.818182	1.636364
27.818182	4.909091
27.818182	8.181818
27.818182	11.454545
27.818182	14.727273
27.818182	18.000000
27.818182	21.272727
27.818182	24.545455
27.818182	27.818182
27.818182	31.090909
27.818182	34.363636
31.090909	1.636364
31.090909	4.909091
31.090909	8.181818
31.090909	11.454545
31.090909	14.727273
31.090909	18.000000
31.090909	21.272727
31.090909	24.545455
31.090909	27.818182
31.090909	31.090909
31.090909	34.363636
34.363636	1.636364
34.363636	4.909091
34.363636	8.181818
34.363636	11.454545
34.363636	14.727273
34.363636	18.000000
34.363636	21.272727
34.363636	24.545455
34.363636	27.818182
34.363636	31.090909
34.363636	34.363636
