Pinning Radius R0: 0.65
Pinning Strength U0: 1.0
Positions:
4.500000 1.800000
1.500000 5.400000
4.500000 9.000000
1.500000 12.600000
4.500000 16.200000
1.500000 19.800000
4.500000 23.400000
1.500000 27.000000
4.500000 30.600000
1.500000 34.200000
10.500000 1.800000
7.500000 5.400000
10.500000 9.000000
7.500000 12.600000
10.500000 16.200000
7.500000 19.800000
10.500000 23.400000
7.500000 27.000000
10.500000 30.600000
7.500000 34.200000
16.500000 1.800000
13.500000 5.400000
16.500000 9.000000
13.500000 12.600000
16.500000 16.200000
13.500000 19.800000
16.500000 23.400000
13.500000 27.000000
16.500000 30.600000
13.500000 34.200000
22.500000 1.800000
19.500000 5.400000
22.500000 9.000000
19.500000 12.600000
22.500000 16.200000
19.500000 19.800000
22.500000 23.400000
19.500000 27.000000
22.500000 30.600000
19.500000 34.200000
28.500000 1.800000
25.500000 5.400000
28.500000 9.000000
25.500000 12.600000
28.500000 16.200000
25.500000 19.800000
28.500000 23.400000
25.500000 27.000000
28.500000 30.600000
25.500000 34.200000
34.500000 1.800000
31.500000 5.400000
34.500000 9.000000
31.500000 12.600000
34.500000 16.200000
31.500000 19.800000
34.500000 23.400000
31.500000 27.000000
34.500000 30.600000
31.500000 34.200000