Beta over Damping BETADAMP: 0.45
Interaction Force U0: 1.0
Positions:
10.233721388678264	18.495167551880364
16.996203050921249	6.841951988248734
25.993497333109215	14.772478693389958
3.450128375102342	22.449637406975985
19.243818171590775	18.551250164911330
25.991688984233750	22.587611187430895
30.509276218686175	14.795948597382251
17.069114961468721	22.406202193853950
26.056219028961010	30.436140592700852
26.049602523985524	7.024855435010744
35.018240461886926	14.765239620672638
14.860194682841927	26.279891085814768
32.841694001780475	3.159059907517973
35.013727437490807	30.330310522128041
12.548716801647414	22.398966441795373
28.323020105146277	3.172481994580591
12.414612613275304	14.592703538306020
14.723187828171769	10.687850115264792
12.525609784519022	6.716853728417243
19.225261216491823	10.810699617666156
34.945664091193990	22.568197530160955
5.736244895217220	26.270030376650823
30.581429483252556	7.053740699413602
1.334939389759881	2.993414467992950
19.369006246001970	26.386104389013166
5.823024483572691	2.866277445592944
23.790295128175359	3.123901095507531
10.249990264077205	10.646400440722649
5.792503363068686	10.717432769790928
3.477671684570946	14.695156414499241
30.547141513682632	30.461892374170006
32.807987387985015	10.917512102889829
21.458577862431060	14.705482987096946
19.295894987836583	3.014873457153210
21.557573395928507	22.488243448430861
23.762784549117956	10.871061224859854
21.580916446606118	30.348877819193348
7.964907455557400	14.607188334682816
8.017252564312752	22.398331096930370
32.745946074367602	26.493830098492008
17.105820056288394	30.197554229348391
1.241374982286625	26.372322630371666
28.288492894458450	10.917782750528618
32.721605208886729	18.665516665995668
23.820731842689732	26.480183309103104
16.930675298629343	14.652226403629300
3.590286346581840	6.838592209718040
28.227257771744974	18.682361533875085
10.288352029627241	26.231663019255546
10.343537547495188	2.783774884416496
5.739232547607739	18.540019679539004
1.216326184498891	18.610196093352553
21.488059742049121	6.960162383924676
1.320137301131114	10.807921403964047
30.477277025768661	22.589004218086593
23.753235702459953	18.625389632928659
35.082696155715169	6.970751937416749
3.521048410327274	30.201815073759541
12.561261905130969	30.071981021312464
28.297257398818100	26.534473640172322
14.720234087703602	18.503571475672523
14.816504171779608	2.866908981694977
8.074083434673842	6.717793572998396
8.022214895676342	30.114423003173886